Walls
33
99

.........x.X.........
.........x.X.........
.........x.X.........
........x..X.........
.......x...X......x..
...........X.....x.x.
......o....X......x..
...........X.........
.......x..oX.........
........x..X.........
.........x.X.........
.........x.X.........
.........x.X....o....
.........x.x....oo...
.........x......ooo..
..x......x......oo...
.x.x.....x.x....o....
..x......x.X.........
.........x.X.........
.........x.X.........
.........x.X.........


0 0 0 0 0 1

6,6 8,10 14,16 12,16
6,6 8,10 14,16 13,16
6,6 8,10 14,16 15,16
6,6 8,10 14,16 16,16
6,6 8,10 14,16 14,17 13,17
6,6 8,10 14,16 14,17 15,17
6,6 8,10 14,16 14,17 14,18
