Power Slide
40
222

................................
................................
................................
................................
................................
................................
................................
................................
................................
...o...ooo......................
.........o......................
.........o......................
.........o......................
................................
.........+......................
................................
................................
................................
................................
................................
................................
........-o-.....................
.........o......................
.........o......................
.........o..................-...
o.o......ooooo.+............o.o.
...o........................-...
................................
...o............................
................................
................................
................................


0 0 0 0 0 0 0 0 1 0

9,3 9,7 21,9 25,11 25,2 
9,3 9,8 22,9 25,12 26,3
9,3 9,9 23,9 25,13 28,3
9,3 10,9 24,9 25,28
9,3 11,9 25,9 25,30
9,3 12,9 25,10 25,0
14,9 21,8
14,9 21,10
14,9 25,15 24,28
14,9 25,15 26,28
