D W Y W
180
1515

.o....o....o....o.X..o....o....o...
...o....o.x..o....o....o....o....o.
o.x..o....o....o....o....o....o....
..o....o....o....o....o....o.X..o..
....o....o....o....o.x..o....o....o
.o....o....o.X..o.+..o....o....o...
...o.X..o....o....o....o....o....o.
o....o....o....o....o....o....o.x..
..o....o....o....o....o.X..o....o..
....o....o....o.x..o....o....o....o
.o....o.x..o....o....o....o....o...
X..o....o....o....o....o....o....o.
o....o....o....o....o....o.x..o....
..o....o....o....o.X..o....o....o..
....o....o.X..o....o....o....o....o
.o.x..o....o....o....o....o....o...
...o....o....o....o....o....o.X..o.
o....o....o....o....o.x..o....o....
..o....o....o.x..o....o....o....o..
....o.X..o....o....o....o....o....o
.o....o....o....o....o....o....o.x.
...o....o....o....o....o.X..o.-..o.
o....o....o....o.X..o....o....o....
..o.+..o.x..o....o....o....o....o..
.X..o....o....o....o....o....o....o
.o....o....o....o....o....o.X..o...
...o....o....o....o.x..o....o....o.
o....o....o.X..o....o....o....o....
..o.x..o....o....o....o....o....o..
....o....o....o....o....o....o.x..o
.o....o....o....o....o.X..o....o.-.
...o....o....o.x..o....o....o....o.
o....o.X..o....o....o....o....o....
..o....o....o....o....o....o....o.X
....o....o....o....o....o.x..o....o


1 -1 1 0 0 0

30 5,18 23,4 21,30 30,33
150 0,1 0,6 0,11 0,16 0,21 0,26 0,31 1,3 1,8 1,13 1,18 1,23 1,28 1,33 2,0 2,5 2,10 2,15 2,20 2,25 2,30 3,2 3,7 3,12 3,17 3,22 3,27 3,32 4,4 4,9 4,14 4,19 4,24 4,29 4,34 5,1 5,6 5,11 5,16 5,21 5,26 5,31 6,3 6,8 6,13 6,18 6,23 6,28 6,33 7,0 7,5 7,10 7,15 7,20 7,25 7,30 8,2 8,7 8,12 8,17 8,22 8,27 8,32 9,4 9,9 9,14 9,19 9,24 9,29 9,34 10,1 10,6 10,11 10,16 10,21 10,26 10,31 11,3 11,8 11,13 11,18 11,23 11,28 11,33 12,0 12,5 12,10 12,15 12,20 12,25 12,30 13,2 13,7 13,12 13,17 13,22 13,27 13,32 14,4 14,9 14,14 14,19 14,24 14,29 14,34 15,1 15,6 15,11 15,16 15,21 15,26 15,31 16,3 16,8 16,13 16,18 16,23 16,28 16,33 17,0 17,5 17,10 17,15 17,20 17,25 17,30 18,2 18,7 18,12 18,17 18,22 18,27 18,32 19,4 19,9 19,14 19,19 19,24 19,29 19,34 20,1 20,6 20,11 20,16 20,21 20,26 20,31 21,3 21,8 21,13 21,18 21,23 21,28 21,33 22,0 22,5 22,10 22,15 22,20 22,25 22,30 23,2 23,7 23,12 23,17 23,22 23,27 23,32 24,4 24,9 24,14 24,19 24,24 24,29 24,34 25,1 25,6 25,11 25,16 25,21 25,26 25,31 26,3 26,8 26,13 26,18 26,23 26,28 26,33 27,0 27,5 27,10 27,15 27,20 27,25 27,30 28,2 28,7 28,12 28,17 28,22 28,27 28,32 29,4 29,9 29,14 29,19 29,24 29,29 29,34 30,1 30,6 30,11 30,16 30,21 30,26 30,31 31,3 31,8 31,13 31,18 31,23 31,28 31,33 32,0 32,5 32,10 32,15 32,20 32,25 32,30 33,2 33,7 33,12 33,17 33,22 33,27 33,32 34,4 34,9 34,14 34,19 34,24 34,29 34,34
