Coils
80
1234

.....ooo..................
..........................
..........................
.....................-....
..........................
..........................
..........................
..........................
...............XXX........
o...............ooo.......
o...............o.........
o...............o.........
o...............o.........
oooooo..........o.........
X.+.Xo..........o.........
xXXXxo..........o.........
oooooo.....xxx..oX........
o...........oooooX........
o................X........
o.........................
o.........................
..........................
..........................
.......o..................
....oo.o..................
.....oXo..................
.....oXo..................
.....oXo..................



0 0 0 0 0 0 0

9,0 14,5 19,0 27,7 16,16
10,0 15,5 20,0 26,7 15,16
11,0 16,5 24,4 25,7 14,16
12,0 16,4 24,5 24,7 13,16
13,0 16,3 25,5 23,7 12,16
13,1 16,2 26,5 17,12 11,16
13,2 16,1 27,5 17,13 10,16
13,3 16,0 0,5 17,14 9,16
13,4 17,0 0,6 17,15 9,17
13,5 18,0 0,7 17,16 9,18
20 3,21
33 14,2
