Completionist
30
405

XX...........XXXXX...........XXX
oXXXXXXXXXXXXXoooX...........Xoo
o.....ooo.....o.oX...........Xoo
oXXXXXXXXXXXXX.ooX...........Xoo
XX...........XX.XX...........XX.
X.............X.X.............X.
X..x...x...x..X.X.............X.
X.............X.X.............X.
X....XXXXX....X.X.............X.
XXXXXXoooX....XoX.............Xo
o.....oooX.x..XoX.............Xo
XXXXXXoooX....XoX.............Xo
X....XXXXX....X.X.............X.
X.............X.X.............X.
X..x...x...x..X.X.............X.
X.............X.X.............X.
XX...........XX.XX...........XX.
.XXXXXXXXXXXXX.o.X...........X..
......ooo.....oo.X...........X+o
.XXXXXXXXXXXXX...X...........X.-
XX...........XXXXX...........XXX
................................
................................
................................
................................
................................
................................
................................
................................
................................
................................
................................



0 -1 -1 1 1 0 1 -1

9,31 18,6
10,31 18,7
18,8 10,0
18,31 1,30
18,31 1,31
18,31 1,0
18,31 2,30
18,31 2,31
18,31 2,0
18,31 3,30
18,31 3,31
18,31 3,0
130 11,31 18,30 19,31 18,14 18,15 17,15 11,15 10,15 9,15 3,15 3,16 2,16 1,16 1,15 1,14 2,14 2,8 2,7 2,6 9,6 9,7 9,8 10,6 10,7 10,8 11,6 11,7 11,8
