Containment
80
338

.........................
.........................
.........................
.........................
.......XXXXXXXXX.........
.x.....Xooo..xxX........x
.x.....XoXXXXXxX........x
.x.....XoX...X.X........x
oX.....X.X...X.X........X
.X.....X.X...XoX........X
.XXXXXXX.XXXXXoX........X
o..o..+++...oooX........X
XXXXXXXX.XXXXXXX........X
.......X.X...............
.......X.X...............
.......X.X...............
.......X.X...............
.......XxX...............
.......X.XXXXXXXXXXXx....
.......Xoooooooooooox....
.......Xoooooooooooox....
.......XXXXXXXXXXXXXx....
.........................
.........................
.........................



0 0 0 0 0

120 8,0 11,0 11,3 11,6 11,7
2 11,8
11,12 5,10
11,13 5,9
11,14 5,8
10,14 6,8
9,14 7,8
20,11 19,12 20,13 19,14 20,15
120 19,8 20,8 19,9 20,9 19,10 20,10 19,11 20,12 19,13 20,14 19,15 19,16 20,16 19,17 20,17 19,18 20,18 19,19 20,19
