Time critical
60
2120

..o.o.o............................
...................................
..o................................
...................................
o.o................................
o..................................
o..................................
o..................................
o.............ooooooooooooooooooo..
o.............o.................o..
o......................ooooooo..o..
o.............o........o.....o..o..
o......................o.....o..o..
o.............o........o.....o..o..
oooooooooo.o.o.o.o.oooo+oooooo..o..
..............o........o........o..
.......................o........o..
..............o........oooooooooo..
...................................
..............o....................
..............o....................
..............o....................
...................................
..........o.o.o....................
...................................
..........o........................
...................................
......o.o.o........................
...................................
......o............................
...................................



0 0 0 0 0 0 0

8,0 14,4 14,19 13,29 11,23 17,28 11,32 8,25 8,15 23,14 0,2
9,0 14,5 14,20 12,29 12,23 17,29 10,32 8,24 8,14 23,12 2,2
10,0 14,6 14,21 11,29 13,23 17,30 9,32 8,23 9,14 23,10 4,2
11,0 14,7 14,22 10,29 15,23 17,31 8,32 8,22 11,14 25,10 4,0
12,0 14,8 14,24 10,28 16,23 17,32 8,31 8,21 13,14 27,10 5,0
13,0 14,9 14,25 10,27 17,23 16,32 8,30 8,20 15,14 27,8 6,0
14,0 14,11 14,26 10,26 17,24 15,32 8,29 8,19 17,14 27,6 7,0
14,1 14,13 14,27 10,25 17,25 14,32 8,28 8,18 19,14 29,6
14,2 14,15 14,28 10,24 17,26 13,32 8,27 8,17 20,14 0,6
14,3 14,17 14,29 10,23 17,27 12,32 8,26 8,16 21,14 0,4
3 14,23
